NO00	2167	9766	11933
NO01	4059	2301	6360
NO02	7220	7312	14532
NO03	2784	5758	8542
NO04	1137	8450	9587
NO05	3476	9358	12834
NO06	2727	7163	9890
NO07	1757	6172	7929
NO08	4861	4998	9859
NO09	7765	6231	13996
NO10	5345	7005	12350
NO11	4681	4490	9171
NO12	1767	9807	11574
NO13	1119	9991	11110
NO14	2362	1617	3979
NO15	7009	2027	9036
NO16	35	4990	5025
NO17	2346	8444	10790
NO18	1299	3095	4394
NO19	7241	4819	12060
NO20	1029	7402	8431
NO21	7525	4445	11970
NO22	9996	2658	12654
NO23	7739	6124	13863
NO24	7871	5956	13827
NO25	2324	4616	6940
NO26	2355	7155	9510
NO27	7370	553	7923
NO28	97	539	636
NO29	4178	3236	7414
NO30	1499	2317	3816
NO31	916	195	1111
NO32	1127	5900	7027
NO33	182	702	884
NO34	7246	7673	14919
NO35	2093	2873	4966
NO36	7404	5445	12849
NO37	3153	5441	8594
NO38	14	6278	6292
NO39	5791	1475	7266
NO40	5633	1291	6924
NO41	2717	177	2894
NO42	8044	2456	10500
NO43	7885	6146	14031
NO44	404	1337	1741
NO45	9837	6604	16441
NO46	1890	4780	6670
NO47	1103	5655	6758
NO48	1704	2516	4220
NO49	4454	1108	5562
NO50	6084	8240	14324
NO51	1494	9029	10523
NO52	7658	3921	11579
NO53	6862	3167	10029
NO54	1134	1226	2360
NO55	1114	6368	7482
NO56	8979	1149	10128
NO57	8212	6257	14469
NO58	6578	8574	15152
NO59	272	8448	8720
NO60	9643	8713	18356
NO61	3283	6049	9332
NO62	4505	4714	9219
NO63	2588	9063	11651
NO64	6267	7780	14047
NO65	5732	3272	9004
NO66	8325	1604	9929
NO67	8814	4166	12980
NO68	2961	5725	8686
NO69	814	548	1362
NO70	9584	4156	13740
NO71	6837	2544	9381
NO72	7795	54	7849
NO73	3368	8325	11693
NO74	7664	8509	16173
NO75	8231	8933	17164
NO76	74	4812	4886
NO77	8705	6805	15510
NO78	353	2497	2850
NO79	6748	6863	13611
NO80	2289	635	2924
NO81	4552	6133	10685
NO82	8727	8462	17189
NO83	6745	7060	13805
NO84	3089	120	3209
NO85	3867	3177	7044
NO86	5185	1419	6604
NO87	6307	2234	8541
NO88	4451	5043	9494
NO89	1974	1817	3791
NO90	5225	5633	10858
NO91	9794	5352	15146
NO92	5294	521	5815
NO93	5857	1111	6968
NO94	8254	8277	16531
NO95	8395	1231	9626
NO96	8066	9636	17702
NO97	7140	431	7571
NO98	6932	1116	8048
NO99	9987	2972	12959
